106.65793252064759
103.57639487199202
92.27299853944366
99.95808075035738
103.1066798694524
96.39957219640552
101.32755792846059
100.54274262857484
100.02145715467016
99.12699894703529
102.16513094976798
106.01518686906105
95.17467164741619
105.14137038991352
101.1431506506233
102.22568806415174
94.31698894084478
100.67568439224318
107.42268500918291
94.60097557107362
90.11135859671046
91.28313852050546
101.33035082000275
111.92483665355549
105.61845626704712
108.36311106653913
100.49574607917621
106.98998188546787
98.64376006017109
103.0660209242982
98.66341405663216
97.25345492947261
100.66354147879976
97.61928992536332
106.5423654043174
100.97506639616546
102.00104994126174
98.31183831457234
106.28236131877577
96.34015248999395
103.30115775613156
98.24564054280064
95.30283320118724
97.55331391557674
95.97704428865023
98.93651180644744
98.30429876968283
101.56084968156611
102.82576334828313
99.2628987113649
99.87047331591907
101.44547101901968
97.3006046433365
103.54080009963302
104.21112369191327
101.01790398663739
111.97351832442267
104.58729468755214
99.4386376440292
98.1890977642888
98.83908872027955
97.49135550202567
105.64392576554938
96.51094984764143
99.59438908091526
97.35351959500255
105.23091428404132
92.90721985388302
98.1875040842218
99.39047154419056
101.59678210545611
102.3045145083586
98.92105053834739
104.94536228749719
101.57376889405867
112.33825528217301
92.45839256418392
103.10300331504307
94.77433731242782
96.00995591163878
109.92542295712866
108.72407074169651
90.71907259694426
98.88613150448501
99.670760761444
89.34143945759197
99.75584744330624
101.9667060854087
101.0863257255902
90.02803115129471
105.53854117391325
101.22271988323995
99.69043985253798
96.2305351962615
103.5597950825992
104.59134575739708
97.58953430582261
100.44793806294759
104.13499311331132
90.22743939999248
