[array([165230.    ,  52013.324 , 158059.16  , 153037.3   ,   6573.5225,
       148466.1   , 164771.77  , 151116.3   , 155353.78  , 158271.53  ],
      dtype=float32)]
[array([5126.973 ,  550.3   , 2213.8877, 1301.1823,  182.5478, 1016.3663,
       4466.806 , 1046.4962, 1629.3524, 2371.4077], dtype=float32)]
[array([51172.793  ,   753.24664, 19960.855  ,  7086.1387 ,   290.9282 ,
        3347.5166 , 49612.836  ,  4771.45   ,  9095.903  , 24550.512  ],
      dtype=float32)]
[array([35638.58  ,  3799.1572, 17184.54  , 10077.263 ,  1126.5126,
        8503.611 , 30500.04  ,  9693.955 , 12831.837 , 17422.352 ],
      dtype=float32)]
[array([58947.98  ,  3322.9375, 30359.402 , 15288.627 ,   369.8964,
       11136.707 , 53432.17  , 12869.752 , 19937.926 , 31330.559 ],
      dtype=float32)]
[array([56734.832 ,  5085.878 , 26190.697 , 13901.922 ,   710.7095,
       10341.008 , 51903.605 , 12134.758 , 18516.29  , 28830.307 ],
      dtype=float32)]
[array([69853.625,  5677.995, 30413.145, 16740.264,   932.795, 11485.124,
       64737.656, 14010.263, 22113.348, 33267.055], dtype=float32)]
[array([94061.89  ,  6147.6387, 36602.438 , 19269.977 ,  1210.9641,
       14347.144 , 83483.82  , 15608.121 , 27386.543 , 39938.676 ],
      dtype=float32)]
[array([132735.17  ,   7540.5312,  52913.242 ,  26453.965 ,   1455.5461,
        19075.84  , 117551.08  ,  21096.062 ,  37398.59  ,  56619.05  ],
      dtype=float32)]
[array([157085.88  ,   7376.41  ,  59517.145 ,  27087.02  ,   1405.1371,
        19417.564 , 138667.98  ,  21593.795 ,  41311.453 ,  61637.39  ],
      dtype=float32)]
[array([152357.06  ,   5535.107 ,  56315.83  ,  23653.61  ,   1116.0632,
        16191.697 , 145297.08  ,  17728.527 ,  35138.64  ,  60239.492 ],
      dtype=float32)]
[array([134957.75   ,   3830.9604 ,  50204.78   ,  18667.617  ,
          405.40735,  12845.645  , 140362.14   ,  14797.413  ,
        30674.883  ,  56908.344  ], dtype=float32)]
[array([117477.31   ,   2748.3916 ,  47015.4    ,  16358.992  ,
          385.71298,   9607.95   , 126805.61   ,  12180.863  ,
        26711.574  ,  51912.83   ], dtype=float32)]
[array([105187.12  ,   2363.4363,  44397.684 ,  13990.791 ,    404.3226,
         8078.817 , 115679.59  ,  10505.289 ,  23723.242 ,  47310.25  ],
      dtype=float32)]
[array([ 88899.91  ,   1897.1763,  37600.03  ,  11876.827 ,    256.1762,
         6892.4717, 106771.78  ,   8992.617 ,  19108.906 ,  43201.883 ],
      dtype=float32)]
[array([ 74516.97  ,   1484.5538,  36618.52  ,   9506.811 ,    138.9009,
         6464.713 , 103576.016 ,   6887.3228,  17455.57  ,  41370.594 ],
      dtype=float32)]
[array([72289.445  ,  1625.5037 , 34796.96   ,  9985.148  ,   235.83769,
        5386.5615 , 87784.266  ,  6190.6367 , 13521.787  , 37469.656  ],
      dtype=float32)]
[array([52298.22  ,  1300.668 , 33645.152 ,  8624.17  ,   165.1873,
        4860.0234, 70746.266 ,  6627.9507, 13825.193 , 36914.684 ],
      dtype=float32)]
[array([52180.77   ,  1132.3136 , 28169.766  ,  7888.411  ,   284.70746,
        4594.827  , 56071.977  ,  5486.425  , 14778.105  , 34454.254  ],
      dtype=float32)]
[array([1.1134995e+03, 7.6138391e+02, 3.1153350e+04, 8.4323125e+03,
       2.7542461e+01, 3.8486360e+03, 4.3413902e+04, 5.3004229e+03,
       1.1839072e+04, 3.4687043e+04], dtype=float32)]
[array([4.5519734e+04, 9.0261353e+02, 2.9066855e+04, 6.5843828e+03,
       1.0082503e+01, 4.1434844e+03, 7.0891608e+02, 5.7578413e+03,
       1.1145582e+04, 3.3895062e+04], dtype=float32)]
[array([4.9540317e+02, 5.6206317e+02, 3.0059805e+04, 7.2617256e+03,
       7.8244400e-01, 4.0837405e+03, 6.1445094e+04, 5.1483599e+03,
       1.3159893e+04, 3.0080898e+04], dtype=float32)]
[array([3.4247520e+04, 6.5101587e+02, 3.0479305e+04, 6.4019434e+03,
       3.3805920e+01, 4.7657446e+03, 1.1810510e+03, 4.7378706e+03,
       1.0733465e+04, 2.8629836e+04], dtype=float32)]
[array([ 1238.7258 ,   414.3593 , 24219.271  ,  6616.9424 ,    91.57356,
        4232.1006 ,  1616.1228 ,  4874.032  , 10351.333  , 27289.137  ],
      dtype=float32)]
[array([ 2.2707440e+02,  3.8379932e+02,  2.5606033e+04,  8.3700596e+03,
       -2.6896221e+01,  3.7367874e+03,  3.8871866e+02,  4.6007188e+03,
        1.0805163e+04,  2.9596852e+04], dtype=float32)]
[array([ 6.6228719e+04,  7.2856586e+02,  2.7888621e+04,  7.3230703e+03,
       -1.3582634e+01,  3.6866899e+03,  2.0114638e+02,  5.0490469e+03,
        1.0845756e+04,  2.4764910e+04], dtype=float32)]
[array([ 2.9767749e+02,  1.7965779e+02,  2.2083246e+04,  6.9681836e+03,
       -3.6236062e+00,  3.3356875e+03,  1.2027678e+03,  4.2506094e+03,
        1.0879209e+04,  2.5604039e+04], dtype=float32)]
[array([ 2.6422055e+02,  5.7182300e+02,  2.2727961e+04,  6.1405874e+03,
       -9.6694460e+00,  3.9349604e+03,  3.9081213e+02,  4.8819111e+03,
        1.0090657e+04,  2.3376805e+04], dtype=float32)]
[array([ 6.3579785e+03,  3.6950153e+01,  2.2973940e+03,  7.5450293e+03,
       -3.2998629e+00,  3.6796992e+03,  5.3005484e+04,  4.4778960e+03,
        1.5250791e+04,  1.3864866e+03], dtype=float32)]
[array([5.2031238e+04, 6.7268970e+02, 1.8093445e+04, 6.6640942e+03,
       5.7465153e+00, 2.6909146e+03, 2.1514224e+02, 3.0876257e+03,
       9.1242480e+03, 1.0663838e+03], dtype=float32)]
[array([2.8361536e+02, 1.0063487e+02, 7.3506854e+02, 7.2379849e+03,
       1.8379555e+01, 2.3081006e+03, 5.2813196e+02, 5.6258516e+03,
       4.0975776e+03, 2.5269629e+04], dtype=float32)]
[array([ 262.2537  ,   60.47126 ,  488.97552 , 1334.3472  ,   13.863646,
        677.07434 ,  377.71558 , 4151.8154  , 8295.334   , 2668.8481  ],
      dtype=float32)]
[array([2.06347717e+02, 7.11599350e+00, 1.69898594e+04, 3.34766174e+02,
       2.32918024e+00, 1.77234204e+03, 1.16587494e+02, 3.31611255e+03,
       3.92723755e+02, 1.81870743e+02], dtype=float32)]
[array([ 248.8792   ,   43.367725 ,  149.22879  , 1479.3237   ,
          5.4031796,  228.08585  ,  162.94612  , 1588.4092   ,
        149.17847  ,  107.01372  ], dtype=float32)]
[array([7.0904022e+01, 1.0342326e+01, 6.6511169e+01, 3.2356097e+02,
       1.9474645e+00, 5.0305098e+03, 1.0249785e+02, 3.8630047e+01,
       4.6926384e+01, 1.5118886e+02], dtype=float32)]
[array([ 67.63866  ,  16.934675 ,  67.830956 ,  72.06355  ,   1.7544229,
        28.07988  , 132.88187  ,  25.808983 ,  87.0162   ,  50.62842  ],
      dtype=float32)]
[array([4.0896347e+01, 1.2545235e-01, 1.4623584e+02, 2.5559895e+01,
       1.2217434e+01, 4.2627051e+03, 3.5158577e+01, 3.0945360e+01,
       1.3018578e+04, 7.4794640e+01], dtype=float32)]
[array([ 63.03324  ,  11.831808 ,  67.419785 ,  38.461433 ,   2.2009423,
        20.706663 ,  84.000114 ,  83.7385   ,  22.275482 , 104.78718  ],
      dtype=float32)]
[array([ 9.2838097e+01,  2.1743603e+00,  1.8136721e+01,  8.9300068e+03,
       -6.5311998e-01,  2.1925341e+01,  3.5202381e+01,  1.2726718e+02,
        2.0726437e+01,  1.7299778e+01], dtype=float32)]
[array([53.17795  , 10.654306 , 34.44288  , 14.173706 ,  1.0805333,
       12.081305 , 46.553696 , 14.378179 , 19.327923 , 32.97438  ],
      dtype=float32)]
[array([ 1.8432289e+01, -1.2331830e+00,  1.2881763e+01,  9.8854365e+03,
       -1.3940253e+00,  1.4764659e+00,  6.1330054e+02,  1.4859976e+01,
        3.0749595e+00,  1.7122612e+01], dtype=float32)]
[array([ 66.39845  ,   4.7078934, 281.93716  ,   8.892525 ,   0.6533861,
        10.611345 ,  50.610428 ,  12.843393 ,  22.401566 , 590.52094  ],
      dtype=float32)]
[array([ 2.2293606e+01, -2.4850714e+00, -1.9698753e+01, -9.4649086e+00,
        2.5974774e-01, -1.0382046e+01,  7.0053812e+04, -1.1653489e+01,
       -1.7168692e+01, -1.2831155e+01], dtype=float32)]
[array([ 1.9546486e+01,  6.2386021e+01, -1.0074313e+01, -2.2148788e+01,
        5.8036108e+00, -2.8135956e+01,  7.4991281e+04,  5.0135036e+00,
       -1.6255783e+01, -1.1199955e+01], dtype=float32)]
[array([ 8.8046469e+04, -1.9130650e+01,  6.4936539e+01,  3.2688953e+01,
       -1.2725148e+00,  5.2604619e+03,  4.0981419e+01, -2.4738504e+01,
        4.2470543e+01,  2.9719166e+04], dtype=float32)]
[array([ 94.45798  ,  24.446234 , 113.28393  ,  60.341286 ,   4.8965464,
        51.65193  ,  76.71632  ,  73.82859  ,  68.53143  ,  63.604073 ],
      dtype=float32)]
[array([69.63689  ,  8.518591 , 60.91485  , 26.908588 ,  1.6126666,
       16.390032 , 36.015614 , 32.33351  , 30.722033 , 33.669636 ],
      dtype=float32)]
[array([2.6272345e+01, 5.7152443e+00, 7.2362512e+02, 2.3265614e+01,
       5.7521415e-01, 7.7918053e+00, 1.9992004e+01, 2.0974918e+01,
       2.2100269e+01, 2.8452641e+01], dtype=float32)]
[array([27.56419   ,  7.618582  , 35.966454  , 10.037116  ,  0.61515605,
        7.0201344 , 15.912717  , 14.787595  , 17.99807   , 34.0259    ],
      dtype=float32)]
[array([14.780632 ,  2.166195 , 20.902157 ,  9.084465 ,  0.4253385,
        4.3085327, 11.707681 ,  8.452676 , 14.696676 , 10.83235  ],
      dtype=float32)]
[array([-1.0941050e+01, -2.1905236e+00,  1.7056773e+04, -1.1087797e+00,
       -6.3612783e-01, -6.3453240e+00, -1.0519628e+01,  7.6302324e+03,
       -5.4162793e+00,  7.9404030e+00], dtype=float32)]
[array([35.741177  , 18.80793   , 22.340183  , 18.423252  ,  0.71196663,
       14.439152  , 25.654575  , 11.054131  , 15.2194195 , 32.879562  ],
      dtype=float32)]
[array([48.165524 ,  4.108236 , 14.210829 , 10.779478 ,  0.6423067,
        6.1209884, 15.965161 ,  7.335891 , 10.57028  , 14.216913 ],
      dtype=float32)]
[array([ 17.840076  ,   1.964377  , 122.37654   ,  10.437729  ,
         0.37817785,   4.085821  ,  11.086283  ,   8.144762  ,
         7.4726586 ,  36.172302  ], dtype=float32)]
[array([11.456363  ,  1.3137107 ,  8.125427  ,  9.334913  ,  0.29115802,
        5.7775164 ,  8.782706  ,  4.0857544 ,  7.2694902 , 23.468985  ],
      dtype=float32)]
[array([ 8.800724  ,  1.2826807 ,  8.87106   ,  4.061976  ,  0.24128473,
        3.0159388 , 12.963737  ,  3.2494261 ,  4.8006315 , 16.861303  ],
      dtype=float32)]
[array([ 7.6501317e+00,  7.8785539e-02, -3.5636562e-01, -6.1157298e-01,
        1.4112590e-01, -7.4039221e-01, -3.4647837e-01,  6.7213887e+03,
        1.5668278e+01,  2.1809883e+00], dtype=float32)]
[array([-7.3946242e+00, -2.0293629e+00, -3.0577226e+00, -1.9846973e+00,
       -5.8648348e-01, -1.6778357e+00, -5.9403906e+00, -3.1764047e+00,
       -3.9516461e+00,  1.7425484e+04], dtype=float32)]
[array([161.00348   ,   3.4820433 ,  18.767965  ,  10.738773  ,
         0.44284704,  13.826666  ,  25.015587  ,   5.7157145 ,
        18.453796  ,  13.155924  ], dtype=float32)]
[array([17.895115  ,  1.6100954 ,  9.299609  ,  7.0812454 ,  0.31965807,
        4.596903  , 10.631504  ,  3.713181  , 14.026285  ,  6.3765798 ],
      dtype=float32)]
[array([ 9.709127 ,  1.8647463,  7.837873 ,  4.5062284,  0.2041173,
        4.084776 ,  9.421295 ,  2.4097998,  5.4339395, 12.657368 ],
      dtype=float32)]
[array([7.57336   , 1.1813943 , 8.453445  , 5.4374304 , 0.17565048,
       3.056262  , 6.033037  , 2.1197891 , 4.755253  , 4.392317  ],
      dtype=float32)]
[array([8.732729  , 0.78051156, 4.7547336 , 5.8951674 , 0.07131572,
       1.870394  , 4.90479   , 1.5612895 , 3.7023685 , 3.9273977 ],
      dtype=float32)]
[array([7.004099  , 0.5950779 , 6.9126077 , 2.0333025 , 0.16434154,
       1.6637058 , 4.5048876 , 2.41885   , 4.3369966 , 5.435646  ],
      dtype=float32)]
[array([6.2223616 , 0.48495787, 4.4678116 , 1.9847248 , 0.09839027,
       1.3277655 , 4.007833  , 1.5218358 , 2.5673573 , 2.1632776 ],
      dtype=float32)]
[array([4.7888227 , 0.45036083, 3.9429111 , 1.8872144 , 0.07275612,
       1.9567425 , 2.8702402 , 1.2985889 , 5.086419  , 1.9482079 ],
      dtype=float32)]
[array([5.39258   , 2.4105434 , 1.981512  , 1.6408058 , 0.10284325,
       1.522966  , 2.5591474 , 0.9155317 , 2.2703075 , 2.0381336 ],
      dtype=float32)]
[array([ 5.2351665 ,  0.43529794, 13.807476  ,  2.9069128 , -0.02845331,
        1.3636584 ,  2.4125133 ,  0.6648896 ,  4.1776953 ,  1.6057291 ],
      dtype=float32)]
[array([ 3.4708114 ,  0.4040049 ,  2.3212035 ,  1.1408806 ,  0.08646157,
        0.684534  ,  2.6367803 ,  1.8655453 , 12.546891  ,  4.1769323 ],
      dtype=float32)]
[array([-6.7505455e+00, -1.4172534e+00, -6.0230994e+00, -3.2540362e+00,
       -4.7897241e-01, -1.8196657e-01, -5.7735996e+00, -3.7017715e+00,
       -1.8435898e+00,  2.5829750e+04], dtype=float32)]
[array([ 6.599467  ,  0.85408545,  5.3915863 ,  3.161766  ,  0.28692982,
        2.675137  ,  9.005934  ,  2.9385543 , 13.635159  ,  2.0171387 ],
      dtype=float32)]
[array([40.207535  ,  0.82791126,  4.2593317 ,  2.686412  ,  0.19601044,
        7.0435853 , 11.392611  ,  1.3451095 ,  6.7459316 ,  2.1939616 ],
      dtype=float32)]
[array([5.164237 , 0.8869049, 2.9925692, 2.1823654, 8.347824 , 1.7222924,
       8.776651 , 1.1561767, 2.836388 , 1.2705348], dtype=float32)]
[array([5.707617  , 0.58920753, 3.7111552 , 1.724298  , 0.06540316,
       0.9149023 , 4.3578396 , 0.910643  , 3.297041  , 1.1413298 ],
      dtype=float32)]
[array([ 3.774442  ,  0.23906301,  2.4901257 ,  1.4371854 ,  0.0353156 ,
        2.0383518 , 14.875114  ,  1.1154897 ,  2.4914713 ,  1.160367  ],
      dtype=float32)]
[array([3.9117618 , 0.3145856 , 2.6251512 , 7.8386254 , 0.07681444,
       1.4943504 , 2.5804226 , 1.2382265 , 2.2407255 , 6.8258934 ],
      dtype=float32)]
[array([ 4.4608235 ,  0.33638045, 13.3245    ,  1.0544887 ,  0.02401233,
        1.4548848 ,  2.685265  ,  0.92301625,  5.9107366 , 13.651297  ],
      dtype=float32)]
[array([-5.4206614e+00, -1.3023726e+00,  2.8849012e+04, -4.1523418e+00,
       -2.3127271e-01, -1.7714407e+00, -3.5718837e+00, -3.3564425e+00,
        8.5280619e+00, -4.3511310e+00], dtype=float32)]
[array([8.520998  , 3.5767193 , 2.4134967 , 7.231838  , 0.18632528,
       4.356126  , 6.583681  , 7.0614634 , 4.279421  , 2.2495725 ],
      dtype=float32)]
[array([10.296916  ,  0.59080195,  4.8055573 ,  2.892597  ,  0.22543596,
        7.3284736 ,  5.494773  ,  1.4874694 ,  3.0911613 ,  1.7216632 ],
      dtype=float32)]
[array([5.1964   , 0.5266404, 2.281064 , 6.81007  , 0.0462325, 1.7711495,
       3.9995165, 1.3298824, 2.2310257, 5.122223 ], dtype=float32)]
[array([17.851421  ,  0.43521434,  1.2943294 ,  5.3440413 ,  0.05931072,
        1.1225818 ,  3.4159627 ,  1.0704327 ,  4.5853167 ,  8.645737  ],
      dtype=float32)]
[array([5.57339   , 1.5825917 , 1.0595907 , 1.645089  , 0.01102895,
       0.8031256 , 2.6730213 , 1.1446426 , 1.4428186 , 3.5257745 ],
      dtype=float32)]
[array([2.4337013e+00, 1.9973268e-01, 1.0302184e+00, 9.0518379e-01,
       2.2078602e-02, 1.0494730e+01, 2.8502220e+01, 9.4415092e-01,
       2.3875477e+00, 1.5891800e+00], dtype=float32)]
[array([6.456503  , 0.16977537, 7.407746  , 1.7461731 , 0.08157541,
       2.888102  , 2.90378   , 0.52353036, 1.132743  , 1.322101  ],
      dtype=float32)]
[array([ 2.9110577 ,  0.20894523,  0.9162454 ,  2.4632156 , -0.130226  ,
        0.57406914,  2.2910054 ,  0.72971016,  1.8532265 ,  6.943898  ],
      dtype=float32)]
[array([4.704171  , 0.24843687, 0.8206644 , 1.1554284 , 0.02358723,
       0.5239767 , 3.1532812 , 3.767458  , 0.89609087, 0.8222989 ],
      dtype=float32)]
[array([3.182557  , 0.19930147, 1.1228976 , 1.0926076 , 0.02935082,
       1.0349402 , 8.585154  , 0.49714434, 0.8838747 , 1.5452422 ],
      dtype=float32)]
[array([ 2.1868548 ,  0.17692555,  1.3265162 ,  0.74687076, -0.00371655,
        0.35134798,  1.5224898 ,  2.6923308 ,  1.1637381 ,  0.55245715],
      dtype=float32)]
[array([1.455262  , 0.16125304, 0.7399664 , 1.1424798 , 0.02320287,
       0.25853983, 1.2219218 , 0.53505087, 2.1209157 , 3.0571518 ],
      dtype=float32)]
[array([2.9066863e+00, 2.4959409e-01, 8.4536994e-01, 6.3467181e-01,
       1.2473178e-03, 5.2240407e-01, 1.2737298e+00, 8.7226444e-01,
       1.1069216e+00, 9.3624330e-01], dtype=float32)]
[array([1.1910774e+00, 1.5685765e-01, 6.6670609e-01, 1.1570187e+00,
       7.4748532e-03, 3.4715188e-01, 1.3279521e+00, 3.5255262e-01,
       8.1923447e+00, 4.0584362e-01], dtype=float32)]
[array([4.3952985 , 0.12410554, 0.57865024, 3.8073463 , 0.02700608,
       0.4340667 , 0.8837298 , 0.4577309 , 0.8518193 , 0.74214005],
      dtype=float32)]
[array([6.0425563 , 0.20441397, 0.44217822, 1.1482686 , 0.01457194,
       0.22671211, 1.0579128 , 0.3255422 , 0.89200425, 0.43893093],
      dtype=float32)]
[array([1.2111495 , 0.11028061, 0.614088  , 0.6131941 , 0.0132845 ,
       0.23980893, 1.1965395 , 0.6906762 , 0.8343717 , 0.5091659 ],
      dtype=float32)]
[array([1.9543961e+00, 1.7493027e-01, 5.0438845e-01, 5.0629091e-01,
       6.1466708e-03, 1.6802108e+00, 7.5242484e-01, 1.5642530e+01,
       4.2819494e-01, 4.2516926e-01], dtype=float32)]
[array([2.2727208 , 0.08856779, 0.53059435, 0.47205606, 0.11787767,
       0.25941044, 0.66933936, 0.20042688, 0.5185744 , 1.1475878 ],
      dtype=float32)]
[array([3.2112374 , 0.06941621, 0.6797815 , 0.86542845, 0.01480283,
       0.19646713, 0.98892736, 1.074186  , 0.41230947, 0.30138132],
      dtype=float32)]
[array([ 1.4630238e+01,  9.4054326e-02,  5.9395424e+01,  3.2043216e-01,
       -3.9540626e-02,  2.5181726e-01,  7.1680790e-01,  2.2892234e-01,
        4.1779065e+00,  4.0677771e-01], dtype=float32)]
[array([1.6173574 , 0.09095459, 0.3373153 , 0.65480727, 0.0261644 ,
       0.8902869 , 0.65549344, 0.25331223, 0.5706625 , 0.39334238],
      dtype=float32)]
[array([-1.7490858e+00, -3.9324176e-01, -1.3098389e+00,  2.4922919e-01,
        1.3082031e-02,  8.1232949e+03, -1.3210330e+00, -6.1723590e-02,
       -4.2798418e-01, -8.8409138e-01], dtype=float32)]
[array([ 5.4024987 ,  0.58442926,  2.2363853 ,  2.7197537 ,  0.13694564,
        3.1036227 ,  6.188485  , 15.470533  ,  1.893631  ,  3.183117  ],
      dtype=float32)]
[array([3.4140215 , 0.3859694 , 2.6303203 , 1.4317551 , 0.2118083 ,
       0.96796983, 2.6554885 , 0.55549467, 1.2859902 , 1.1287355 ],
      dtype=float32)]
[array([4.3947573 , 0.8393867 , 0.8226932 , 0.6782656 , 0.03541005,
       0.69306505, 8.511241  , 0.939166  , 3.9756918 , 1.1296    ],
      dtype=float32)]
[array([ 4.7009478 ,  0.295516  ,  1.1521821 ,  1.2620857 ,  0.3417578 ,
        0.15880226, 39.48291   ,  0.9626223 ,  0.8055883 ,  3.2715228 ],
      dtype=float32)]
[array([8.3619175 , 0.4163013 , 3.7307847 , 0.6408503 , 0.02000999,
       0.4180613 , 2.8397636 , 0.48399803, 0.9938116 , 2.0354266 ],
      dtype=float32)]
[array([ 1.6232579 ,  0.2163312 ,  0.74711806,  0.50713223,  0.02164178,
        0.27629286, 20.628212  ,  0.99766195,  0.74714196,  0.72929025],
      dtype=float32)]
[array([ 1.663096  ,  0.15457487,  0.4672343 ,  0.7876724 ,  0.17325273,
        0.38900438,  4.6845903 ,  0.6953192 , 23.54401   ,  0.7956184 ],
      dtype=float32)]
[array([1.3071895 , 0.18019779, 0.7378794 , 0.68196   , 0.0207407 ,
       0.1504845 , 3.372721  , 0.3601265 , 1.1341362 , 0.4043929 ],
      dtype=float32)]
[array([2.083222  , 0.07913892, 0.73193336, 1.6989813 , 0.03811008,
       0.16446316, 1.2757413 , 0.49856126, 0.7363103 , 0.7803895 ],
      dtype=float32)]
[array([-7.4500217e+00, -1.1014092e+00, -6.9904715e-01, -3.4154482e+00,
       -3.4543899e-01, -3.4302087e+00,  2.5646730e+04, -3.9715042e+00,
       -3.1135776e+00, -2.5964577e+00], dtype=float32)]
[array([19.838268  ,  1.4929197 ,  5.8289638 ,  8.163584  ,  0.32892883,
        2.784027  , 30.625626  ,  4.8716083 ,  3.5767026 ,  5.095307  ],
      dtype=float32)]
[array([ 6.4957996e+04, -2.9938312e+00, -8.8066044e+00, -1.7363998e+01,
       -4.9277964e-01, -3.2871370e+00, -2.6364570e+00, -6.7828207e+00,
       -5.4890709e+00, -7.4939241e+00], dtype=float32)]
[array([3.8346386 , 1.1313876 , 3.9193091 , 8.01931   , 0.17545444,
       2.2094991 , 5.0724163 , 6.0684137 , 2.5021038 , 7.585741  ],
      dtype=float32)]
[array([4.035824  , 0.5476979 , 2.413     , 2.9160037 , 0.07446288,
       1.4227879 , 3.698827  , 2.0675328 , 2.0185962 , 3.8569274 ],
      dtype=float32)]
[array([ 5.279255  ,  0.35967314,  2.1787858 , 29.980274  ,  0.06770182,
        3.5800161 ,  6.6379066 ,  1.3010114 ,  2.1870208 ,  5.3597136 ],
      dtype=float32)]
