[array([0.36776984, 0.11577154, 0.35180894, 0.34063125, 0.01463138,
       0.33045664, 0.36674988, 0.33635548, 0.3457873 , 0.35228163],
      dtype=float32)]
[array([0.51509774, 0.05528765, 0.22242531, 0.13072744, 0.01834025,
       0.10211249, 0.44877195, 0.10513959, 0.1636981 , 0.23825106],
      dtype=float32)]
[array([0.5725167 , 0.00842726, 0.22332029, 0.07927909, 0.00325488,
       0.03745172, 0.555064  , 0.05338256, 0.10176416, 0.27466896],
      dtype=float32)]
[array([0.5225341 , 0.05570338, 0.2519603 , 0.14775318, 0.01651697,
       0.12468024, 0.4471926 , 0.1421331 , 0.18814084, 0.25544712],
      dtype=float32)]
[array([0.5204065 , 0.02933567, 0.26801988, 0.13497156, 0.00326553,
       0.09831744, 0.47171167, 0.11361717, 0.17601664, 0.27659348],
      dtype=float32)]
[array([0.49817142, 0.04465756, 0.2299726 , 0.12206858, 0.00624053,
       0.09080127, 0.45574987, 0.10655164, 0.16258594, 0.25315022],
      dtype=float32)]
[array([0.4808476 , 0.03908531, 0.20935331, 0.11523404, 0.00642103,
       0.07905953, 0.4456311 , 0.09644169, 0.15222044, 0.22899862],
      dtype=float32)]
[array([0.46717688, 0.03053346, 0.18179321, 0.09570813, 0.00601449,
       0.07125791, 0.41463882, 0.0775208 , 0.13602066, 0.19836329],
      dtype=float32)]
[array([0.42943317, 0.0243956 , 0.17118824, 0.08558553, 0.00470907,
       0.06171535, 0.38030863, 0.0682513 , 0.12099426, 0.1831775 ],
      dtype=float32)]
[array([0.39426616, 0.01851388, 0.14938068, 0.06798507, 0.00352672,
       0.04873569, 0.34803954, 0.05419776, 0.10368665, 0.15470225],
      dtype=float32)]
[array([0.35443535, 0.01287658, 0.13101014, 0.0550265 , 0.00259635,
       0.0376675 , 0.33801138, 0.0412427 , 0.08174466, 0.14013794],
      dtype=float32)]
[array([0.32209468, 0.0091431 , 0.11982041, 0.04455276, 0.00096756,
       0.03065784, 0.33499297, 0.035316  , 0.0732097 , 0.13581936],
      dtype=float32)]
[array([0.2992342 , 0.00700061, 0.11975602, 0.04166907, 0.00098248,
       0.02447304, 0.32299492, 0.03102668, 0.06803881, 0.1322306 ],
      dtype=float32)]
[array([0.28686634, 0.00644556, 0.12108137, 0.03815569, 0.00110267,
       0.02203255, 0.31548142, 0.02865003, 0.06469803, 0.12902452],
      dtype=float32)]
[array([0.26874134, 0.0057351 , 0.1136636 , 0.03590324, 0.00077441,
       0.0208357 , 0.3227674 , 0.02718437, 0.05776556, 0.1305978 ],
      dtype=float32)]
[array([0.23991686, 0.00477971, 0.11789798, 0.03060839, 0.00044721,
       0.02081397, 0.33347616, 0.02217461, 0.05620043, 0.13319789],
      dtype=float32)]
[array([0.25361314, 0.00570276, 0.12207822, 0.03503091, 0.00082739,
       0.01889768, 0.30797362, 0.02171862, 0.0474385 , 0.13145484],
      dtype=float32)]
[array([0.21197194, 0.00527179, 0.13636847, 0.03495496, 0.00066953,
       0.01969835, 0.28674442, 0.026864  , 0.05603543, 0.14962032],
      dtype=float32)]
[array([0.23265445, 0.00504856, 0.1255984 , 0.03517146, 0.0012694 ,
       0.02048661, 0.25000387, 0.02446191, 0.06589002, 0.15361857],
      dtype=float32)]
[array([7.2893198e-03, 4.9842596e-03, 2.0393968e-01, 5.5200584e-02,
       1.8030166e-04, 2.5194388e-02, 2.8420112e-01, 3.4698244e-02,
       7.7502310e-02, 2.2707234e-01], dtype=float32)]
[array([2.9238117e-01, 5.7976432e-03, 1.8670146e-01, 4.2292632e-02,
       6.4761669e-05, 2.6614320e-02, 4.5534908e-03, 3.6983613e-02,
       7.1590006e-02, 2.1771386e-01], dtype=float32)]
[array([2.9042233e-03, 3.2950069e-03, 1.7622088e-01, 4.2570725e-02,
       4.5869551e-06, 2.3940288e-02, 3.6021221e-01, 3.0181451e-02,
       7.7147804e-02, 1.7634454e-01], dtype=float32)]
[array([2.4785738e-01, 4.7115553e-03, 2.2058593e-01, 4.6332374e-02,
       2.4466141e-04, 3.4490820e-02, 8.5475454e-03, 3.4289088e-02,
       7.7680618e-02, 2.0720088e-01], dtype=float32)]
[array([0.01425862, 0.00476957, 0.2787811 , 0.07616573, 0.00105408,
       0.0487145 , 0.01860273, 0.05610359, 0.11915123, 0.31411743],
      dtype=float32)]
[array([ 2.5090601e-03,  4.2407932e-03,  2.8293401e-01,  9.2485026e-02,
       -2.9718995e-04,  4.1289654e-02,  4.2951494e-03,  5.0835669e-02,
        1.1939172e-01,  3.2703060e-01], dtype=float32)]
[array([ 3.8536197e-01,  4.2392723e-03,  1.6227423e-01,  4.2610411e-02,
       -7.9032645e-05,  2.1451572e-02,  1.1704011e-03,  2.9378654e-02,
        6.3107699e-02,  1.4409843e-01], dtype=float32)]
[array([ 3.7255008e-03,  2.2484576e-03,  2.7637678e-01,  8.7208383e-02,
       -4.5350247e-05,  4.1746877e-02,  1.5052910e-02,  5.3197332e-02,
        1.3615574e-01,  3.2044029e-01], dtype=float32)]
[array([ 3.3553501e-03,  7.2616087e-03,  2.8862351e-01,  7.7979624e-02,
       -1.2279279e-04,  4.9970262e-02,  4.9629430e-03,  6.1995633e-02,
        1.2814176e-01,  2.9686323e-01], dtype=float32)]
[array([ 5.6681570e-02,  3.2941173e-04,  2.0481337e-02,  6.7264162e-02,
       -2.9418377e-05,  3.2804631e-02,  4.7254550e-01,  3.9920580e-02,
        1.3596126e-01,  1.2360570e-02], dtype=float32)]
[array([4.6369764e-01, 5.9949495e-03, 1.6124713e-01, 5.9389800e-02,
       5.1212421e-05, 2.3981186e-02, 1.9173281e-03, 2.7516639e-02,
       8.1314467e-02, 9.5035154e-03], dtype=float32)]
[array([5.6753829e-03, 2.0137888e-03, 1.4709342e-02, 1.4483820e-01,
       3.6779043e-04, 4.6187043e-02, 1.0568366e-02, 1.1257804e-01,
       8.1995994e-02, 5.0566661e-01], dtype=float32)]
[array([0.013493  , 0.00311126, 0.02515787, 0.06865239, 0.00071329,
       0.03483559, 0.01943353, 0.21361162, 0.42679635, 0.1373127 ],
      dtype=float32)]
[array([8.1279958e-03, 2.8029759e-04, 6.6922718e-01, 1.3186374e-02,
       9.1745947e-05, 6.9812201e-02, 4.5923586e-03, 1.3062102e-01,
       1.5469311e-02, 7.1638525e-03], dtype=float32)]
[array([0.05358935, 0.00933806, 0.03213235, 0.31853202, 0.00116343,
       0.04911207, 0.03508601, 0.3420206 , 0.03212152, 0.02304249],
      dtype=float32)]
[array([1.1309075e-02, 1.6495840e-03, 1.0608422e-02, 5.1607441e-02,
       3.1061738e-04, 8.0235803e-01, 1.6348237e-02, 6.1614290e-03,
       7.4846810e-03, 2.4114374e-02], dtype=float32)]
[array([0.11835214, 0.0296318 , 0.11868861, 0.12609468, 0.00306984,
       0.04913335, 0.23251279, 0.0451598 , 0.15225838, 0.08858813],
      dtype=float32)]
[array([2.2250670e-03, 6.8255454e-06, 7.9563223e-03, 1.3906492e-03,
       6.6471973e-04, 2.3192301e-01, 1.9128893e-03, 1.6836588e-03,
       7.0830792e-01, 4.0693874e-03], dtype=float32)]
[array([0.13342336, 0.02504456, 0.14270842, 0.08141186, 0.00465877,
       0.04383009, 0.17780423, 0.17725047, 0.04715083, 0.22180451],
      dtype=float32)]
[array([ 9.8268148e-03,  2.3015375e-04,  1.9197528e-03,  9.4523185e-01,
       -6.9132067e-05,  2.3207744e-03,  3.7261350e-03,  1.3471098e-02,
        2.1938717e-03,  1.8311633e-03], dtype=float32)]
[array([0.26325908, 0.05274447, 0.17051053, 0.07016737, 0.00534921,
       0.05980887, 0.23046552, 0.07117962, 0.09568348, 0.16324069],
      dtype=float32)]
[array([ 1.6451190e-03, -1.1006407e-04,  1.1497234e-03,  8.8229513e-01,
       -1.2441957e-04,  1.3177756e-04,  5.4738309e-02,  1.3262829e-03,
        2.7444633e-04,  1.5282277e-03], dtype=float32)]
[array([0.06489252, 0.00460112, 0.2755428 , 0.00869084, 0.00063857,
       0.01037068, 0.04946258, 0.0125521 , 0.02189349, 0.5771278 ],
      dtype=float32)]
[array([ 3.1892426e-04, -3.5550533e-05, -2.8180325e-04, -1.3540155e-04,
        3.7158572e-06, -1.4852179e-04,  1.0000000e+00, -1.6671060e-04,
       -2.4560909e-04, -1.8355786e-04], dtype=float32)]
[array([ 2.5971452e-04,  8.2892418e-04, -1.3385758e-04, -2.9429136e-04,
        7.7112687e-05, -3.7384295e-04,  9.9641055e-01,  6.6614513e-05,
       -2.1599089e-04, -1.4881401e-04], dtype=float32)]
[array([ 6.5810263e-01, -1.4299188e-04,  4.8536764e-04,  2.4433332e-04,
       -9.5114019e-06,  3.9319281e-02,  3.0631528e-04, -1.8490775e-04,
        3.1744572e-04,  2.2213566e-01], dtype=float32)]
[array([0.20003894, 0.05177115, 0.2399077 , 0.12778811, 0.01036969,
       0.10938618, 0.16246642, 0.15635093, 0.14513284, 0.1346979 ],
      dtype=float32)]
[array([0.27484787, 0.03362179, 0.2404231 , 0.10620475, 0.00636499,
       0.06468935, 0.14214902, 0.12761623, 0.12125593, 0.13288973],
      dtype=float32)]
[array([3.0478436e-02, 6.6302307e-03, 8.3947444e-01, 2.6990339e-02,
       6.6730351e-04, 9.0392400e-03, 2.3192640e-02, 2.4332915e-02,
       2.5638429e-02, 3.3007789e-02], dtype=float32)]
[array([0.17533587, 0.04846182, 0.22878268, 0.06384612, 0.00391301,
       0.04465509, 0.10122082, 0.09406392, 0.11448576, 0.21643883],
      dtype=float32)]
[array([0.17479737, 0.02561766, 0.24719119, 0.10743388, 0.0050301 ,
       0.05095318, 0.13845631, 0.09996227, 0.1738045 , 0.12810455],
      dtype=float32)]
[array([-4.1441072e-04, -8.2969782e-05,  6.4605409e-01, -4.1996904e-05,
       -2.4094415e-05, -2.4033987e-04, -3.9844867e-04,  2.8900793e-01,
       -2.0515073e-04,  3.0075616e-04], dtype=float32)]
[array([0.18691736, 0.09836074, 0.11683354, 0.09634897, 0.00372341,
       0.07551313, 0.13416697, 0.05781032, 0.07959373, 0.17195183],
      dtype=float32)]
[array([0.42134893, 0.03593859, 0.12431543, 0.09429818, 0.00561886,
       0.05354602, 0.13966222, 0.06417391, 0.09246814, 0.12436865],
      dtype=float32)]
[array([0.08342845, 0.00918633, 0.5722893 , 0.04881165, 0.00176853,
       0.01910719, 0.05184459, 0.03808867, 0.03494561, 0.16915841],
      dtype=float32)]
[array([0.15898591, 0.01823105, 0.11276078, 0.12954545, 0.00404055,
       0.0801776 , 0.12188219, 0.05670014, 0.1008825 , 0.3256913 ],
      dtype=float32)]
[array([0.15517995, 0.02261704, 0.15642016, 0.07162333, 0.00425449,
       0.05317894, 0.22858483, 0.05729594, 0.08464778, 0.2973092 ],
      dtype=float32)]
[array([ 1.1251981e-03,  1.1587949e-05, -5.2415035e-05, -8.9951493e-05,
        2.0757107e-05, -1.0889850e-04, -5.0960796e-05,  9.8859656e-01,
        2.3045244e-03,  3.2078451e-04], dtype=float32)]
[array([-4.2386155e-04, -1.1632355e-04, -1.7526936e-04, -1.1376331e-04,
       -3.3617369e-05, -9.6173928e-05, -3.4050454e-04, -1.8207225e-04,
       -2.2650926e-04,  9.9883276e-01], dtype=float32)]
[array([0.6285508 , 0.01359375, 0.07326934, 0.04192372, 0.00172886,
       0.05397872, 0.0976598 , 0.02231391, 0.07204285, 0.05136018],
      dtype=float32)]
[array([0.30257142, 0.02722356, 0.15723822, 0.11973002, 0.00540479,
       0.07772464, 0.17975795, 0.06278263, 0.23715706, 0.1078155 ],
      dtype=float32)]
[array([0.19365124, 0.03719288, 0.15632856, 0.08987798, 0.00407118,
       0.08147199, 0.18791035, 0.04806413, 0.10838144, 0.25245473],
      dtype=float32)]
[array([0.18968073, 0.02958895, 0.21172315, 0.13618469, 0.0043993 ,
       0.07654647, 0.15110213, 0.05309178, 0.11909902, 0.11000901],
      dtype=float32)]
[array([0.2721371 , 0.024323  , 0.14817125, 0.18371047, 0.0022224 ,
       0.05828689, 0.15284744, 0.0486543 , 0.11537651, 0.12238908],
      dtype=float32)]
[array([0.21702425, 0.01843868, 0.21418937, 0.06300253, 0.00509218,
       0.05155046, 0.13958539, 0.07494884, 0.13438323, 0.16842525],
      dtype=float32)]
[array([0.28932878, 0.02254968, 0.20774533, 0.09228618, 0.00457497,
       0.06173874, 0.18635714, 0.07076267, 0.11937757, 0.10058858],
      dtype=float32)]
[array([0.21431604, 0.02015517, 0.17645863, 0.08445924, 0.00325608,
       0.08757086, 0.12845297, 0.05811625, 0.22763449, 0.0871889 ],
      dtype=float32)]
[array([0.21707118, 0.09703324, 0.07976314, 0.06604847, 0.00413982,
       0.06130498, 0.10301509, 0.03685352, 0.09138823, 0.08204237],
      dtype=float32)]
[array([ 0.15658881,  0.01302018,  0.41299474,  0.08694853, -0.00085107,
        0.04078832,  0.07216056,  0.01988748,  0.12495884,  0.04802888],
      dtype=float32)]
[array([0.11403957, 0.01327429, 0.07626719, 0.03748562, 0.00284085,
       0.02249156, 0.08663602, 0.06129575, 0.41225   , 0.13724041],
      dtype=float32)]
[array([-2.6170135e-04, -5.4943281e-05, -2.3350013e-04, -1.2615064e-04,
       -1.8568533e-05, -7.0543779e-06, -2.2382766e-04, -1.4350819e-04,
       -7.1471251e-05,  1.0000000e+00], dtype=float32)]
[array([0.15282935, 0.01977877, 0.12485746, 0.07321965, 0.00664467,
       0.06195037, 0.2085579 , 0.06805055, 0.3157607 , 0.04671256],
      dtype=float32)]
[array([0.50328225, 0.01036306, 0.05331454, 0.03362612, 0.00245348,
       0.08816536, 0.1426026 , 0.01683689, 0.08443959, 0.02746207],
      dtype=float32)]
[array([0.04814299, 0.00826807, 0.02789788, 0.02034485, 0.07782161,
       0.01605587, 0.0818193 , 0.01077832, 0.02644189, 0.01184441],
      dtype=float32)]
[array([0.27654606, 0.02854835, 0.1798133 , 0.08354587, 0.00316892,
       0.04432895, 0.21114652, 0.04412257, 0.15974858, 0.05529983],
      dtype=float32)]
[array([0.12601589, 0.00798151, 0.0831369 , 0.04798277, 0.00117907,
       0.06805369, 0.49662992, 0.03724244, 0.08318183, 0.03874074],
      dtype=float32)]
[array([0.1262922 , 0.01015647, 0.08475365, 0.25307196, 0.00247997,
       0.04824547, 0.08330958, 0.03997645, 0.07234237, 0.22037566],
      dtype=float32)]
[array([0.09874383, 0.00744605, 0.29494825, 0.02334193, 0.00053153,
       0.03220502, 0.05944045, 0.02043169, 0.1308388 , 0.30218217],
      dtype=float32)]
[array([-1.88043836e-04, -4.51795677e-05,  1.00000000e+00, -1.44045567e-04,
       -8.02289651e-06, -6.14516393e-05, -1.23909369e-04, -1.16435665e-04,
        2.95840175e-04, -1.50941603e-04], dtype=float32)]
[array([0.16589196, 0.06963374, 0.04698742, 0.14079382, 0.00362749,
       0.0848077 , 0.12817511, 0.13747686, 0.08331437, 0.04379604],
      dtype=float32)]
[array([0.260646  , 0.01495498, 0.12164313, 0.07322035, 0.00570646,
       0.18550575, 0.13908926, 0.03765233, 0.07824661, 0.04358048],
      dtype=float32)]
[array([0.18246092, 0.0184919 , 0.08009487, 0.23912162, 0.00162336,
       0.06219028, 0.1404348 , 0.04669609, 0.07833789, 0.17985633],
      dtype=float32)]
[array([0.39918628, 0.00973209, 0.02894327, 0.1195013 , 0.00132628,
       0.02510272, 0.07638638, 0.02393658, 0.102535  , 0.19333248],
      dtype=float32)]
[array([0.24156258, 0.06859289, 0.04592491, 0.07130166, 0.00047802,
       0.03480917, 0.11585443, 0.04961124, 0.06253483, 0.15281457],
      dtype=float32)]
[array([4.4071954e-02, 3.6169637e-03, 1.8656248e-02, 1.6391994e-02,
       3.9982193e-04, 1.9004932e-01, 5.1614738e-01, 1.7097652e-02,
       4.3236159e-02, 2.8778499e-02], dtype=float32)]
[array([0.25485075, 0.00670136, 0.29239815, 0.06892485, 0.00321994,
       0.11399902, 0.11461785, 0.02066476, 0.04471157, 0.0521859 ],
      dtype=float32)]
[array([ 0.15777172,  0.01132429,  0.0496581 ,  0.13349985, -0.00705791,
        0.03111305,  0.1241665 ,  0.03954838,  0.10044003,  0.37634113],
      dtype=float32)]
[array([0.24456781, 0.01291613, 0.04266599, 0.06007022, 0.00122629,
       0.02724132, 0.16393772, 0.1958685 , 0.04658737, 0.04275096],
      dtype=float32)]
[array([0.16888802, 0.01057628, 0.05958855, 0.05798116, 0.00155755,
       0.05492093, 0.45558637, 0.02638184, 0.04690437, 0.08200101],
      dtype=float32)]
[array([ 0.19527762,  0.01579876,  0.11845272,  0.06669265, -0.00033187,
        0.031374  ,  0.1359524 ,  0.24041465,  0.10391728,  0.04933227],
      dtype=float32)]
[array([0.13421717, 0.01487219, 0.06824627, 0.10536963, 0.00213997,
       0.02384484, 0.11269648, 0.04934714, 0.19560966, 0.2819577 ],
      dtype=float32)]
[array([3.16000849e-01, 2.71346588e-02, 9.19045210e-02, 6.89984411e-02,
       1.35602342e-04, 5.67932390e-02, 1.38473734e-01, 9.48283598e-02,
       1.20339140e-01, 1.01783834e-01], dtype=float32)]
[array([8.4388390e-02, 1.1113439e-02, 4.7236439e-02, 8.1975318e-02,
       5.2959687e-04, 2.4595873e-02, 9.4086036e-02, 2.4978520e-02,
       5.8043146e-01, 2.8754212e-02], dtype=float32)]
[array([0.31952614, 0.00902213, 0.04206628, 0.27678365, 0.00196327,
       0.03155546, 0.06424473, 0.03327578, 0.06192492, 0.05395155],
      dtype=float32)]
[array([0.554916  , 0.01877229, 0.04060728, 0.10545084, 0.00133821,
       0.02082003, 0.09715305, 0.02989605, 0.0819169 , 0.04030907],
      dtype=float32)]
[array([0.20067364, 0.01827224, 0.10174737, 0.10159926, 0.00220109,
       0.0397336 , 0.19825293, 0.11443716, 0.13824587, 0.08436297],
      dtype=float32)]
[array([7.9077221e-02, 7.0778895e-03, 2.0408165e-02, 2.0485140e-02,
       2.4870172e-04, 6.7983352e-02, 3.0444015e-02, 6.3291562e-01,
       1.7325284e-02, 1.7202860e-02], dtype=float32)]
[array([0.33312935, 0.01298203, 0.0777731 , 0.06919271, 0.01727819,
       0.03802369, 0.09810998, 0.02937804, 0.07601125, 0.16821034],
      dtype=float32)]
[array([0.40242174, 0.00869901, 0.08518799, 0.10845266, 0.00185504,
       0.02462062, 0.12392914, 0.13461347, 0.05166927, 0.03776812],
      dtype=float32)]
[array([ 1.7468894e-01,  1.1230338e-03,  7.0919722e-01,  3.8260454e-03,
       -4.7212563e-04,  3.0067652e-03,  8.5588777e-03,  2.7333938e-03,
        4.9885318e-02,  4.8570344e-03], dtype=float32)]
[array([0.2707602 , 0.01522662, 0.05646962, 0.10962064, 0.00438016,
       0.14904206, 0.10973551, 0.04240675, 0.09553405, 0.06584906],
      dtype=float32)]
[array([-2.1639618e-04, -4.8651709e-05, -1.6205273e-04,  3.0834533e-05,
        1.6185035e-06,  1.0000000e+00, -1.6343765e-04, -7.6364167e-06,
       -5.2950025e-05, -1.0937942e-04], dtype=float32)]
[array([0.13123204, 0.01419636, 0.05432401, 0.06606551, 0.00332654,
       0.07539006, 0.15032442, 0.37579456, 0.04599817, 0.07732106],
      dtype=float32)]
[array([0.28913686, 0.03268813, 0.22276443, 0.12125675, 0.01793825,
       0.08197832, 0.22489595, 0.04704539, 0.10891179, 0.09559373],
      dtype=float32)]
[array([0.1900472 , 0.0362985 , 0.03557661, 0.02933097, 0.00153127,
       0.02997096, 0.36806074, 0.04061336, 0.17192511, 0.04884851],
      dtype=float32)]
[array([0.08978453, 0.00564413, 0.0220058 , 0.02410488, 0.00652731,
       0.003033  , 0.75409365, 0.01838535, 0.01538613, 0.0624836 ],
      dtype=float32)]
[array([0.43244568, 0.02152948, 0.19294159, 0.03314227, 0.00103484,
       0.0216205 , 0.14686148, 0.02503049, 0.05139605, 0.10526431],
      dtype=float32)]
[array([0.06166851, 0.00821855, 0.02838345, 0.01926625, 0.00082218,
       0.01049653, 0.7836777 , 0.03790176, 0.02838436, 0.02770616],
      dtype=float32)]
[array([0.04694855, 0.00436359, 0.01318984, 0.02223568, 0.00489086,
       0.01098144, 0.13224415, 0.01962859, 0.6646382 , 0.02246   ],
      dtype=float32)]
[array([0.16358192, 0.02254998, 0.09233836, 0.0853406 , 0.0025955 ,
       0.01883166, 0.42206293, 0.0450663 , 0.141926  , 0.0506058 ],
      dtype=float32)]
[array([0.24019055, 0.00912453, 0.08439018, 0.1958885 , 0.004394  ,
       0.01896221, 0.14708994, 0.05748293, 0.08489483, 0.08997706],
      dtype=float32)]
[array([-2.9136930e-04, -4.3075957e-05, -2.7339636e-05, -1.3357771e-04,
       -1.3510070e-05, -1.3415498e-04,  1.0000000e+00, -1.5532497e-04,
       -1.2177158e-04, -1.0154710e-04], dtype=float32)]
[array([0.27129045, 0.02041584, 0.07971171, 0.11163789, 0.00449814,
       0.03807187, 0.41880873, 0.06661977, 0.0489118 , 0.06967887],
      dtype=float32)]
[array([ 1.0000000e+00, -4.6281493e-05, -1.3614088e-04, -2.6842923e-04,
       -7.6178567e-06, -5.0815695e-05, -4.0756862e-05, -1.0485530e-04,
       -8.4855281e-05, -1.1584821e-04], dtype=float32)]
[array([0.10693599, 0.03155084, 0.10929719, 0.22363329, 0.00489287,
       0.06161597, 0.14145371, 0.16922894, 0.06977579, 0.21154243],
      dtype=float32)]
[array([0.20632735, 0.02800049, 0.12336215, 0.1490777 , 0.00380684,
       0.07273857, 0.18909873, 0.10570049, 0.10319865, 0.19718145],
      dtype=float32)]
[array([0.08406398, 0.00572724, 0.0346938 , 0.47738954, 0.00107805,
       0.05700622, 0.10569841, 0.0207166 , 0.03482493, 0.08534516],
      dtype=float32)]
[array([0.30196437, 0.01997164, 0.19720264, 0.10147421, 0.00389051,
       0.05595621, 0.14797556, 0.06437627, 0.10948284, 0.0984844 ],
      dtype=float32)]
[array([0.14139575, 0.02793733, 0.14162372, 0.254787  , 0.00319469,
       0.06830277, 0.16157693, 0.08297054, 0.11634708, 0.10058234],
      dtype=float32)]
[array([0.10242237, 0.03900221, 0.06454293, 0.14834644, 0.00212389,
       0.24933796, 0.08059166, 0.03927713, 0.0699058 , 0.08696878],
      dtype=float32)]
[array([0.08930674, 0.01126383, 0.04987805, 0.08876753, 0.0004997 ,
       0.01601479, 0.47641793, 0.02959003, 0.14697827, 0.04644123],
      dtype=float32)]
[array([ 9.4844729e-01,  8.9552894e-04,  5.3573162e-03,  3.6996165e-03,
       -1.3328683e-04,  2.5255850e-03,  8.3777411e-03,  3.7499880e-03,
        9.4810147e-03,  1.1748568e-02], dtype=float32)]
[array([4.7996882e-01, 1.2867769e-02, 3.4608081e-02, 9.9107102e-02,
       2.2141721e-04, 2.8573116e-02, 2.1871011e-01, 3.1292811e-02,
       5.7026647e-02, 4.6592012e-02], dtype=float32)]
[array([0.13431634, 0.02401683, 0.23417488, 0.09713869, 0.00282311,
       0.04426779, 0.18955377, 0.09383427, 0.07617795, 0.11247815],
      dtype=float32)]
[array([-1.17177966e-04, -3.84991145e-05, -1.31352193e-04,  2.63785969e-05,
       -6.63109131e-06, -8.43126982e-05,  6.31592120e-05,  1.00000000e+00,
       -2.39991805e-05,  3.49824440e-05], dtype=float32)]
[array([0.23525664, 0.04689716, 0.26145762, 0.13308126, 0.00852435,
       0.06793182, 0.28755322, 0.05323616, 0.10301157, 0.11722951],
      dtype=float32)]
[array([0.20856403, 0.04026708, 0.15936033, 0.12048164, 0.00617544,
       0.09812652, 0.1944937 , 0.04968947, 0.16740431, 0.15430121],
      dtype=float32)]
[array([0.11383063, 0.01882167, 0.10822874, 0.08554746, 0.00854663,
       0.05560547, 0.45006856, 0.07079151, 0.08154119, 0.18247479],
      dtype=float32)]
[array([0.03492393, 0.00769574, 0.0709259 , 0.0241085 , 0.00107811,
       0.01096572, 0.58018976, 0.01092308, 0.20000887, 0.02916554],
      dtype=float32)]
[array([0.38273218, 0.00881154, 0.05174968, 0.1079038 , 0.00782134,
       0.0243279 , 0.15396884, 0.02034244, 0.07047409, 0.07675246],
      dtype=float32)]
[array([0.05373459, 0.01279073, 0.05114135, 0.03201674, 0.00394786,
       0.0225968 , 0.06214651, 0.01787928, 0.72080445, 0.04577002],
      dtype=float32)]
[array([0.18930252, 0.02003887, 0.29157147, 0.15535346, 0.00103994,
       0.02688992, 0.16971198, 0.02656034, 0.09298874, 0.07926007],
      dtype=float32)]
[array([0.05801684, 0.00735027, 0.5753182 , 0.1620975 , 0.00155011,
       0.01650522, 0.04234654, 0.00987047, 0.02594889, 0.07348489],
      dtype=float32)]
[array([8.9962825e-02, 7.2596781e-03, 5.8987248e-01, 3.2641571e-02,
       2.2827188e-04, 1.4398466e-02, 1.7672116e-01, 1.5921706e-02,
       2.8352393e-02, 5.5945918e-02], dtype=float32)]
[array([0.28526407, 0.0089052 , 0.0653089 , 0.03087802, 0.00153856,
       0.20818202, 0.13245535, 0.01867158, 0.04322621, 0.06982718],
      dtype=float32)]
[array([0.12408683, 0.01063681, 0.07824931, 0.05845996, 0.00363178,
       0.03547856, 0.09214968, 0.02837061, 0.05642099, 0.54502743],
      dtype=float32)]
[array([0.18442993, 0.01805985, 0.10922641, 0.12870489, 0.00508994,
       0.03276955, 0.2934823 , 0.04351101, 0.06920847, 0.1627075 ],
      dtype=float32)]
[array([0.16637796, 0.02202567, 0.11443903, 0.10993714, 0.00250385,
       0.09306513, 0.22429006, 0.0439435 , 0.10500607, 0.22510739],
      dtype=float32)]
[array([0.1695001 , 0.01765858, 0.12918435, 0.08565217, 0.00277878,
       0.03699481, 0.2978584 , 0.02805442, 0.09948884, 0.26435432],
      dtype=float32)]
[array([0.11814909, 0.00695508, 0.07853033, 0.04515853, 0.00107429,
       0.0197694 , 0.08458781, 0.02878533, 0.38113225, 0.19278575],
      dtype=float32)]
[array([ 6.3790661e-01, -1.5240115e-03,  2.4687935e-02,  8.0066688e-02,
       -5.0101658e-05,  7.2815591e-03,  5.1036678e-02,  5.4951836e-03,
        4.5030996e-02,  8.1831090e-02], dtype=float32)]
[array([0.44647318, 0.01544784, 0.09081348, 0.06472826, 0.00369177,
       0.03519097, 0.10366794, 0.03066224, 0.09343146, 0.20469004],
      dtype=float32)]
[array([0.03648215, 0.0041878 , 0.03460444, 0.02598806, 0.00185736,
       0.01388256, 0.09538871, 0.45968795, 0.03894283, 0.1750166 ],
      dtype=float32)]
[array([0.04891414, 0.00322915, 0.12860139, 0.30536073, 0.00206292,
       0.0079648 , 0.22966406, 0.01096244, 0.03277046, 0.12484541],
      dtype=float32)]
[array([1.1807196e-01, 1.4768712e-02, 9.4527058e-02, 3.6679860e-02,
       3.9786546e-04, 1.7060647e-02, 1.3025175e-01, 5.8027629e-02,
       4.3845201e-01, 4.8014577e-02], dtype=float32)]
