[1.1944156, 1.4587343, 1.209584, 1.222369, 1.556359, 1.2367013, 1.1952155, 1.2301958, 1.2156965, 1.2086169]
[1.1941867, 1.4547646, 1.2112935, 1.2232081, 1.5561644, 1.234009, 1.1952833, 1.2277521, 1.2177186, 1.2107885]
[1.0296746, 1.5154805, 1.3464949, 1.4396937, 1.5524551, 1.4685055, 1.1054057, 1.4654621, 1.4063581, 1.3302317]
[0.9954494, 1.5389247, 1.346036, 1.4655638, 1.5599983, 1.5009207, 1.043881, 1.4914253, 1.4376069, 1.3113914]
[1.0039583, 1.5309713, 1.3360543, 1.4512093, 1.5580918, 1.4825441, 1.0649781, 1.4703436, 1.4189138, 1.3117564]
[1.0088362, 1.5335925, 1.3269055, 1.4472599, 1.5604515, 1.4799881, 1.068625, 1.466991, 1.4126499, 1.3064544]
[1.0169305, 1.5320988, 1.3292737, 1.4474925, 1.5612724, 1.4799645, 1.0744164, 1.4664012, 1.411617, 1.3081357]
[1.0256379, 1.5320325, 1.3343751, 1.4487947, 1.5617895, 1.4819127, 1.0801666, 1.4677017, 1.4126778, 1.3134043]
[1.0340755, 1.5332075, 1.342034, 1.4525299, 1.562217, 1.4844221, 1.0891786, 1.471344, 1.4157742, 1.3216478]
[1.0456824, 1.5348563, 1.3491248, 1.4566019, 1.5627007, 1.4874996, 1.1006145, 1.4752375, 1.4199905, 1.3297641]
[1.0589986, 1.5367924, 1.3570948, 1.4617305, 1.5632083, 1.4913375, 1.1133593, 1.4798303, 1.4252052, 1.339287]
[1.0739473, 1.5389051, 1.365326, 1.4671316, 1.5637074, 1.4955157, 1.1246227, 1.4848014, 1.4315808, 1.3483778]
[1.0893025, 1.5409732, 1.3730862, 1.4725041, 1.5642639, 1.4995719, 1.1341296, 1.489408, 1.4375755, 1.3562121]
[1.1041028, 1.542875, 1.3795583, 1.4772217, 1.5647266, 1.5034677, 1.1431109, 1.4936044, 1.4430029, 1.3630426]
[1.1176212, 1.5445269, 1.384932, 1.481484, 1.5651087, 1.5069518, 1.1513202, 1.4973382, 1.447853, 1.3690709]
[1.130556, 1.5459936, 1.3900715, 1.4852984, 1.5654596, 1.5100237, 1.1578076, 1.5006431, 1.4525062, 1.3741246]
[1.1437533, 1.5473285, 1.3942417, 1.4889574, 1.5657856, 1.5126876, 1.1626743, 1.5038416, 1.4566436, 1.3783298]
[1.1544176, 1.5484388, 1.3976274, 1.4918826, 1.5660471, 1.5151381, 1.1686156, 1.5066688, 1.4608121, 1.382119]
[1.1663463, 1.5494438, 1.399767, 1.494468, 1.566287, 1.5172534, 1.1751659, 1.5088606, 1.4639839, 1.3843834]
[1.175771, 1.5503495, 1.4022725, 1.496754, 1.566467, 1.5190897, 1.1831074, 1.5109423, 1.4662547, 1.3861713]
[1.1961782, 1.5511633, 1.4003327, 1.4977443, 1.5666854, 1.520485, 1.1883452, 1.512266, 1.4676738, 1.3838322]
[1.2000732, 1.5518551, 1.3994657, 1.4992816, 1.5668877, 1.5216697, 1.2072401, 1.5133429, 1.4692473, 1.3822069]
[1.2175884, 1.5526001, 1.3991888, 1.5006593, 1.5670737, 1.522869, 1.2070049, 1.5146413, 1.4704056, 1.3827459]
[1.2222584, 1.5532131, 1.3968793, 1.5017406, 1.5672318, 1.5234793, 1.2231523, 1.5156349, 1.4714344, 1.3818066]
[1.2367923, 1.5537703, 1.3921572, 1.5014282, 1.567341, 1.5234178, 1.2374583, 1.5155927, 1.4705617, 1.3761312]
[1.2506046, 1.554303, 1.3876483, 1.5004596, 1.5674973, 1.523671, 1.2511685, 1.5157738, 1.4697516, 1.3703605]
[1.2475882, 1.5547931, 1.3884544, 1.5015681, 1.5676323, 1.5246979, 1.2639067, 1.5167992, 1.4712673, 1.3725938]
[1.2598759, 1.555322, 1.3846974, 1.5008723, 1.5677557, 1.5248648, 1.2751311, 1.5168289, 1.4698423, 1.367671]
[1.2712672, 1.5556263, 1.380746, 1.500571, 1.567873, 1.5247145, 1.285898, 1.5165302, 1.4688222, 1.3640311]
[1.2799392, 1.5561563, 1.386802, 1.500675, 1.5679785, 1.5251884, 1.2784952, 1.5170422, 1.4675933, 1.3709742]
[1.2733424, 1.5564543, 1.3875619, 1.5010438, 1.5680739, 1.5259341, 1.2885084, 1.5179468, 1.4683449, 1.3775369]
[1.2830683, 1.5568651, 1.3931793, 1.4985238, 1.5681523, 1.5258894, 1.2975657, 1.5159479, 1.4690237, 1.366307]
[1.2919146, 1.5572141, 1.3980972, 1.4986389, 1.5682145, 1.526214, 1.3057526, 1.5107731, 1.4580824, 1.3684599]
[1.3003756, 1.5576298, 1.3805825, 1.5004817, 1.5682924, 1.5254238, 1.3138918, 1.5085552, 1.4611212, 1.374559]
[1.3069456, 1.5577458, 1.3853726, 1.4927889, 1.568333, 1.5253098, 1.3206134, 1.4998635, 1.4634712, 1.3798074]
[1.3143733, 1.5580812, 1.3905141, 1.4935646, 1.5683963, 1.4992583, 1.3274908, 1.5017686, 1.4664077, 1.3847153]
[1.3183101, 1.5575978, 1.3922659, 1.4921589, 1.5683771, 1.4998978, 1.3277378, 1.5024501, 1.4650229, 1.3874975]
[1.3252618, 1.5579641, 1.397004, 1.4943047, 1.5684258, 1.4953656, 1.3344363, 1.5043019, 1.4460973, 1.3924761]
[1.3282812, 1.557634, 1.397831, 1.4941694, 1.5683639, 1.4962193, 1.3359933, 1.501283, 1.4481927, 1.3912506]
[1.3344045, 1.5579743, 1.4023322, 1.463599, 1.5684297, 1.4981207, 1.3420742, 1.5027578, 1.4513613, 1.3959273]
[1.3336351, 1.55695, 1.4022583, 1.464547, 1.5683533, 1.4984496, 1.3419758, 1.5026757, 1.4519665, 1.3962067]
[1.3395231, 1.5572989, 1.406443, 1.4401854, 1.5684175, 1.500255, 1.3463273, 1.5043455, 1.4549304, 1.4005333]
[1.3435801, 1.557516, 1.403643, 1.4431591, 1.5684601, 1.5017226, 1.3505952, 1.5056602, 1.4572223, 1.3896811]
[1.3489823, 1.557833, 1.4076295, 1.4462012, 1.5685155, 1.5033706, 1.3184382, 1.507215, 1.4599322, 1.3939977]
[1.3541347, 1.5581151, 1.4114271, 1.4491055, 1.5685668, 1.5049473, 1.2897478, 1.508692, 1.4625155, 1.3981127]
[1.3427339, 1.5584066, 1.4150381, 1.4518657, 1.5686177, 1.50555, 1.2961284, 1.5101078, 1.4649692, 1.3969463]
[1.3433263, 1.5575309, 1.4131156, 1.4516611, 1.5684357, 1.5045643, 1.2986057, 1.5079677, 1.4640843, 1.3978072]
[1.3422185, 1.5570883, 1.4112651, 1.4519379, 1.5683486, 1.5045968, 1.3014222, 1.5065517, 1.4637616, 1.3986703]
[1.3464333, 1.5572388, 1.3934612, 1.4538925, 1.5683866, 1.505813, 1.3066602, 1.5074009, 1.4654933, 1.4016302]
[1.3474357, 1.5565113, 1.3923469, 1.454997, 1.5683553, 1.5062362, 1.3100507, 1.506759, 1.4652969, 1.4006094]
[1.3484083, 1.5562799, 1.3908912, 1.4551634, 1.5683025, 1.5065134, 1.3125374, 1.5060225, 1.4638848, 1.401461]
[1.3528644, 1.556572, 1.3804412, 1.4574769, 1.5683529, 1.5078038, 1.3177106, 1.5014542, 1.4660271, 1.4048417]
[1.3534508, 1.5549191, 1.3818775, 1.4578067, 1.5683278, 1.5075569, 1.3200345, 1.5016797, 1.4665191, 1.4047072]
[1.3492664, 1.5545331, 1.3831136, 1.4581634, 1.5682671, 1.5077429, 1.3221623, 1.5017738, 1.4667437, 1.4055033]
[1.3518703, 1.5546666, 1.3751587, 1.4593672, 1.5682815, 1.508572, 1.3258748, 1.5023574, 1.4680475, 1.4054149]
[1.3529677, 1.5546277, 1.3766891, 1.4590249, 1.5682533, 1.508238, 1.3281478, 1.5025742, 1.4680789, 1.4023342]
[1.3540953, 1.5545104, 1.3773625, 1.4597539, 1.5682222, 1.5084081, 1.3283664, 1.5027723, 1.4684056, 1.3999085]
[1.3579448, 1.554801, 1.3808177, 1.4617383, 1.5682678, 1.5095241, 1.3326964, 1.4786365, 1.4701929, 1.4029545]
[1.3616865, 1.5550836, 1.3841537, 1.4636537, 1.5683128, 1.5106008, 1.3368796, 1.4802566, 1.4719619, 1.3791889]
[1.3535731, 1.5551202, 1.3861073, 1.464778, 1.5683258, 1.5107075, 1.3392262, 1.4814329, 1.4724227, 1.3816067]
[1.3520448, 1.5549244, 1.3865614, 1.4645406, 1.5682759, 1.5104072, 1.3400878, 1.4818827, 1.4700317, 1.3829823]
[1.3524427, 1.5545689, 1.3870158, 1.4648116, 1.5682501, 1.5100543, 1.3407823, 1.4825633, 1.4699013, 1.3818588]
[1.3528938, 1.5543498, 1.3865312, 1.4643096, 1.5682197, 1.509794, 1.3420664, 1.483139, 1.4695983, 1.3831491]
[1.3519629, 1.5542227, 1.3871045, 1.4630471, 1.5682254, 1.5098373, 1.3432806, 1.4837677, 1.4693655, 1.3841968]
[1.351964, 1.554193, 1.3865939, 1.4637568, 1.5681853, 1.5099862, 1.344669, 1.4839584, 1.468836, 1.3844725]
[1.3507968, 1.5541002, 1.3862022, 1.4639852, 1.5681547, 1.509971, 1.3452734, 1.4842087, 1.4685594, 1.3858094]
[1.3508584, 1.554047, 1.3863131, 1.4643276, 1.5681453, 1.5095578, 1.3467612, 1.4846462, 1.4665992, 1.3873123]
[1.3508755, 1.5528283, 1.3878986, 1.4649394, 1.5681227, 1.5095563, 1.3485922, 1.4853929, 1.4667914, 1.388848]
[1.351811, 1.5529021, 1.3842741, 1.46522, 1.5681753, 1.5098614, 1.3508307, 1.4863707, 1.4664737, 1.3908465]
[1.3533508, 1.55297, 1.3858944, 1.4662212, 1.5681721, 1.5104266, 1.3527898, 1.4867102, 1.461759, 1.3914682]
[1.356506, 1.5532292, 1.3885775, 1.4677386, 1.5682104, 1.5113016, 1.3559525, 1.4879309, 1.4633403, 1.371302]
[1.3573754, 1.5531976, 1.3893921, 1.468164, 1.5681524, 1.5112659, 1.3560202, 1.4881418, 1.4602859, 1.3734844]
[1.3529532, 1.5532994, 1.3911959, 1.4691358, 1.5681552, 1.5108609, 1.3570299, 1.4890687, 1.4606516, 1.3758767]
[1.3553098, 1.5534276, 1.3933028, 1.4702652, 1.56711, 1.5114703, 1.3588612, 1.4900541, 1.4618142, 1.3784194]
[1.3544234, 1.5532744, 1.3932575, 1.4704964, 1.567117, 1.5116755, 1.3588501, 1.4905555, 1.4611093, 1.3802967]
[1.3556399, 1.5534034, 1.394532, 1.4712031, 1.5671507, 1.511554, 1.354691, 1.4911364, 1.4614661, 1.3823473]
[1.3568202, 1.5534999, 1.3957508, 1.4691197, 1.5671662, 1.5117004, 1.3564605, 1.4916654, 1.4619584, 1.3818973]
[1.3583343, 1.5536295, 1.3941145, 1.4701504, 1.567207, 1.5120542, 1.3584981, 1.4924377, 1.461664, 1.3803436]
[1.361096, 1.553853, 1.3760091, 1.4714593, 1.5672537, 1.5128179, 1.3612568, 1.4934568, 1.4630774, 1.3828189]
[1.3616477, 1.5531768, 1.3779037, 1.4709218, 1.5672525, 1.5124726, 1.3622954, 1.4926802, 1.463389, 1.3846673]
[1.3609573, 1.5532105, 1.3788017, 1.4712583, 1.5672251, 1.510849, 1.3631684, 1.4931923, 1.4637572, 1.3864715]
[1.3612866, 1.5531992, 1.3801993, 1.4694843, 1.5672495, 1.5108205, 1.3640025, 1.4935786, 1.4641149, 1.386515]
[1.3588036, 1.5532963, 1.382195, 1.4692563, 1.567277, 1.511251, 1.3656116, 1.4942364, 1.4641639, 1.3863881]
[1.3584136, 1.5526726, 1.3839347, 1.4696243, 1.5673141, 1.5115526, 1.3666978, 1.4945648, 1.4647012, 1.3867661]
[1.3604413, 1.5528474, 1.3859613, 1.4706458, 1.5673512, 1.5099626, 1.3626225, 1.4952772, 1.4654583, 1.3886366]
[1.3598777, 1.5529813, 1.3846291, 1.4710169, 1.5673538, 1.5093266, 1.3637332, 1.4959302, 1.4661798, 1.3901837]
[1.3604951, 1.5530577, 1.3862349, 1.4706155, 1.5674775, 1.5096836, 1.3647046, 1.4963455, 1.4662269, 1.3877691]
[1.3600675, 1.5531138, 1.3878847, 1.4710815, 1.5675018, 1.5100774, 1.3651861, 1.4949188, 1.466901, 1.3894]
[1.3605391, 1.5531955, 1.3893018, 1.4715608, 1.5675217, 1.5101436, 1.3621122, 1.4954876, 1.4675558, 1.3905414]
[1.360695, 1.553216, 1.390015, 1.47193, 1.5675627, 1.5104764, 1.3629339, 1.4935844, 1.4675459, 1.392029]
[1.361543, 1.5532464, 1.3912789, 1.4718548, 1.567575, 1.5108862, 1.3640004, 1.4938973, 1.4664938, 1.3908261]
[1.3602958, 1.5531398, 1.3922509, 1.4721869, 1.5676092, 1.5109204, 1.3647547, 1.4936965, 1.4663124, 1.3916928]
[1.3616806, 1.5532117, 1.3936937, 1.4723687, 1.5676384, 1.5113081, 1.3659835, 1.4942691, 1.4606556, 1.3933449]
[1.3604184, 1.5533047, 1.3951613, 1.4703903, 1.5676514, 1.5116116, 1.3675109, 1.4947392, 1.4611793, 1.3946869]
[1.3563552, 1.553291, 1.396613, 1.470334, 1.5676708, 1.5120242, 1.3686506, 1.4952356, 1.4614762, 1.396147]
[1.356487, 1.5532829, 1.3973818, 1.4703201, 1.5676806, 1.5122266, 1.3686779, 1.4948193, 1.4611638, 1.3971064]
[1.3579097, 1.5533928, 1.3989924, 1.4711621, 1.5677108, 1.5121269, 1.3704848, 1.4884052, 1.4621354, 1.3987536]
[1.3565896, 1.5534388, 1.399971, 1.4714786, 1.5675628, 1.5123419, 1.3715477, 1.4889574, 1.4624747, 1.3987852]
[1.3545281, 1.5535281, 1.4008528, 1.4713823, 1.567577, 1.5126907, 1.3723209, 1.488409, 1.4630585, 1.400169]
[1.3549432, 1.5536928, 1.3945425, 1.4723577, 1.5676148, 1.513253, 1.3742588, 1.4892218, 1.4636486, 1.4018605]
[1.354354, 1.5537118, 1.3957522, 1.4722426, 1.5676028, 1.5123231, 1.3751333, 1.4896173, 1.4637644, 1.4029012]
[1.3565207, 1.5538831, 1.3975043, 1.4732277, 1.5676347, 1.4971999, 1.3770916, 1.4904293, 1.4648353, 1.4045812]
[1.357339, 1.5539099, 1.398682, 1.4735391, 1.567633, 1.4971814, 1.3775156, 1.4874107, 1.4654288, 1.4054606]
[1.3565559, 1.5537548, 1.3981669, 1.4733008, 1.5674882, 1.4970986, 1.3771865, 1.4877667, 1.4653919, 1.4061428]
[1.3567795, 1.5535678, 1.3994974, 1.4739625, 1.5675054, 1.4975231, 1.3754067, 1.4881784, 1.4647377, 1.407267]
[1.3579729, 1.5536792, 1.4009329, 1.4746618, 1.5674742, 1.4981985, 1.3690714, 1.488796, 1.4656096, 1.4082383]
[1.3557408, 1.5536371, 1.4007015, 1.4752617, 1.5674961, 1.498684, 1.3695889, 1.4893385, 1.4661216, 1.4087821]
[1.3571874, 1.5537214, 1.4020383, 1.4759812, 1.5675193, 1.4992653, 1.3629911, 1.4897493, 1.4668412, 1.4100492]
[1.3587449, 1.5538403, 1.4034923, 1.4766595, 1.5675043, 1.4998313, 1.3636936, 1.4903234, 1.4610183, 1.4113417]
[1.3591868, 1.5537884, 1.4041852, 1.47674, 1.5675107, 1.500314, 1.3615768, 1.4906511, 1.4607161, 1.4123493]
[1.3589029, 1.5538608, 1.4049387, 1.4757941, 1.5675006, 1.5007868, 1.362142, 1.4908588, 1.4609463, 1.4129764]
[1.3608319, 1.5540152, 1.4064467, 1.4766589, 1.5675306, 1.5014244, 1.3497589, 1.4915869, 1.461946, 1.414412]
[1.3602483, 1.5539824, 1.4072084, 1.4764991, 1.5675195, 1.5017064, 1.3478571, 1.4916998, 1.4624858, 1.4151927]
[1.3481032, 1.5541328, 1.4086702, 1.4773433, 1.5675489, 1.5023236, 1.349848, 1.492407, 1.4634535, 1.4165831]
[1.3491257, 1.554001, 1.4091358, 1.4761745, 1.5675343, 1.502384, 1.3505473, 1.4915957, 1.4637855, 1.4160614]
[1.3492472, 1.5539026, 1.4094689, 1.4756918, 1.5675296, 1.5023454, 1.3508105, 1.4913615, 1.4638174, 1.4156777]
[1.3504419, 1.5539997, 1.41057, 1.4721911, 1.5675485, 1.5024446, 1.3518026, 1.4918721, 1.4644448, 1.4162835]
